Recovering first 40 loss from tuning epochs

gen_los = [
    12.3103,
    -39.3168,
    -56.9256,
    -65.4396,
    -50.3131,
    -21.3290,
    -2.1635,
    5.5018,
    10.0153,
    14.4255,
    18.3733,
    24.1753,
    28.6069,
    32.9451,
    37.0580,
    42.0301,
    46.4224,
    48.2757,
    48.8776,
    47.9169,
    48.3954,
    46.4970,
    46.5360,
    45.6604,
    47.7272,
    48.0306,
    48.5384,
    49.7331,
    48.9332,
    52.0745,
    53.5035,
    54.1479,
    54.8488,
    55.3661,
    56.2214,
    54.3475,
    55.4900,
    54.5957,
    57.0327,
    56.0184
]


critic_loss = [
    -40.6932,
    -32.0860,
    -22.8956,
    -17.5869,
    -18.6858,
    -16.9485,
    -12.8161,
    -12.8164,
    -13.3353,
    -13.8060,
    -11.7972,
    -12.7014,
    -10.7500,
    -10.5816,
    -12.4658,
    -11.2699,
    -10.1086,
    -9.7001,
    -10.0415,
    -10.4321,
    -10.8819,
    -8.4158,
    -7.9046,
    -9.7713,
    -8.8960,
    -7.4136,
    -8.5803,
    -7.0434,
    -9.1272,
    -7.0460,
    -7.9854,
    -8.4855,
    -8.2283,
    -6.9382,
    -7.4805,
    -6.5483,
    -8.6027,
    -6.2976,
    -7.9445,
    -8.7027
]

fid_epoch_40 = 89.4981